RMSE: 26.97205216231712
MAE: 7.615622704343393
R2: -0.1079546785618859
